Free energy: -1109.5534141262092
Enthalpy: -1109.54235087505
Entropy: 0.011063251159353759
Frequencies: [3899.0930797537467, 3970.7570587647733, 1112.457158841212, 1004.9638877560188, 941.6698638573943, 918.1579602642189, 869.8609612262322, 706.8168500805016, 679.582672027157, 653.9479542811961, 507.7106399666665, 488.7784521224199, 355.5903717916394, 75.96220657857023, 150.29934331575035, 178.5315935350016, 190.35700313705624, 248.0223531937883, 315.25103425605715, 289.4506636623756, 286.71304881428165]